1 5 2 9
2 12 3
3 4 15
4 5 18
5 6 
6 20 7
7 8 22
8 9 25
9 10
10 26 11
11 12 29
12 2 13
13 30 14
14 15 33
15 16
16 17 34
17 18 37
18 19
19 20 38
20 21 
21 22 40
22 23
23 24 42
24 25 44
25 26
26 27 
27 28 45
28 29 47
29 30
30 31 
31 32 48
32 33 50
33 34
34 35 
35 36 51
36 37 53
37 38 
38 39
39 40 54
40 41 
41 42 55
42 43 
43 44 57 
44 45 
45 46 
46 47 58
47 48 
48 49 
49 50 59
50 51 
51 52 
52 53 60 
53 54 
54 55 
55 56 
56 57 60
57 58
58 59
59 60 

